,Id,SalePrice
0,2658,119903.00931795617
1,2718,157092.21954775427
2,2414,214334.53974582595
3,1989,106393.97727686015
4,625,178530.74753655866
5,333,79445.12638007598
6,1327,108950.72697161567
7,858,155390.41685295373
8,95,165103.73979313642
9,1568,167402.46475241092
10,2482,137942.8298801423
11,1364,127551.37952193953
12,2584,139234.5142707543
13,818,276927.1041857579
14,2673,139630.7134434517
15,2089,115510.39923541257
16,1297,168562.30421964603
17,790,116631.99656093556
18,2616,204526.8941222516
19,720,164520.84827944887
20,222,144681.94130356738
21,557,132177.23962268385
22,1148,186362.803448775
23,2766,150273.69958962774
24,534,176265.24555471697
25,1452,117697.99277901453
26,630,121704.60449204766
27,2648,121907.90613501651
28,125,160645.42111067864
29,1904,58352.03009819503
30,1670,103164.73113076894
31,756,100482.44000969971
32,717,151448.30582902182
33,1032,152730.85734116635
34,852,207462.4979369552
35,1731,176753.6959154531
36,2639,110815.12104419572
37,2071,93137.55889793293
38,1267,117576.54161337043
39,1851,190383.28532021385
40,567,157550.4905421753
41,2439,202789.41309889793
42,1898,155758.67995971531
43,647,153401.42334053083
44,2256,209400.02067176183
45,979,98267.1548894595
46,1444,210443.23184489727
47,2485,136889.42935651468
48,157,134929.00663134136
49,88,122203.08624040656
50,2003,101806.8883169797
51,186,184950.74812964222
52,1425,230488.18359038467
53,2695,124878.00702546783
54,738,108145.30495199475
55,395,153627.61108206838
56,1353,155546.99339166612
57,1878,136157.45441531256
58,390,152459.59505785312
59,1456,226636.32747430552
60,1103,326718.04341133585
61,1387,137726.78300130626
62,2070,155045.63811647473
63,1199,162364.798567759
64,2479,172407.52343028548
65,501,338875.518933901
66,2362,90541.06526758434
67,1718,205989.5630080913
68,2188,100867.83147759821
69,1483,146115.82446162886
70,2557,96926.7575177106
71,437,365226.94224354636
72,2224,218730.09336887064
73,1628,158894.37382482056
74,397,132106.10414359337
75,587,200610.39425819935
76,971,146516.30428432397
77,2611,126843.85150840186
78,1887,104923.41677320545
79,2399,390248.8592225301
80,2148,190438.82693971548
81,304,131299.69208179959
82,1997,124738.28936398613
83,2817,110645.61079313055
84,1431,213073.8152185926
85,427,363899.48824258184
86,263,128278.08748233179
87,598,173979.4391673079
88,2895,282132.9191323855
89,687,126847.66332050381
90,1822,130184.85422143144
91,2191,118531.14251896812
92,179,117435.40340239301
93,1009,220653.85256121762
94,2010,139895.25670287877
95,1991,132385.46112027013
96,1411,193441.67168631588
97,1721,223853.4590018905
98,1144,192380.99752605762
99,593,205726.0719990485
100,575,328216.3175981748
101,1249,175285.03156660986
102,1604,124245.32340669673
103,1064,509167.0654731147
104,1923,153370.54182614383
105,1988,113761.65249969209
106,2325,166019.1272445634
107,114,193336.65799050868
108,2700,171538.564951641
109,217,146065.17043242295
110,343,178883.31800327284
111,386,201064.5428636627
112,2005,113555.90574902402
113,2908,147516.91752441486
114,1814,238329.54385679998
115,2446,474607.8023462109
116,208,121007.51784298851
117,1679,111180.43624912256
118,822,344717.81790525396
119,6,197227.79355406843
120,1781,402432.7474223671
121,2397,311078.3952786098
122,2340,317899.9232773778
123,1618,174502.72168820797
124,2843,89058.57658542634
125,1061,367497.0685248155
126,2786,122997.46789767095
127,1935,132756.91074321955
128,1341,110580.28113177652
129,521,254646.48847937048
130,2136,141786.90300696576
131,996,216263.98527682925
132,227,143915.8608200969
133,135,177426.3227813008
134,1167,169819.7029230716
135,294,223188.30150182312
136,1776,198931.56563593846
137,540,156885.07078373033
138,1717,214263.6138117323
139,2303,126195.27095141052
140,116,173973.83309397916
141,127,141023.9986898006
142,1371,135891.01292189874
143,1014,161348.1187138839
144,1507,119023.51426365762
145,702,110958.79114207874
146,750,150873.5184762151
147,261,152048.30970192014
148,1559,65072.411280503424
149,577,211482.0319521657
150,2812,189530.6404266609
151,2080,153500.0437207023
152,1368,124496.64743448714
153,2376,115362.13647813392
154,659,106846.06305443431
155,1235,130670.27413412806
156,332,72329.13700304323
157,1917,137434.18802552955
158,2094,253480.85134334196
159,1460,253593.9217453966
160,1471,226666.89923899068
161,1509,123281.62835184415
162,1922,130286.07337419098
163,433,483433.17865965294
164,460,278660.158719933
165,1116,236649.44344908075
166,1137,159054.87954306754
167,53,158933.51511222892
168,2354,272607.4113951134
169,1475,190515.50701091473
170,1761,523119.0672042628
171,842,142306.4304727693
172,2739,191491.919031984
173,2509,142218.45280570778
174,1007,197740.1280206322
175,2610,180320.21853760275
176,1952,96431.7718251549
177,2719,156843.75129658825
178,2921,79710.61936739832
179,1966,151786.84167321207
180,292,111423.1017583028
181,1204,189903.67957850487
182,1829,252370.51090790972
183,2419,192123.16927723697
184,391,141544.75291182517
185,798,104458.80325903863
186,481,197497.56543684893
187,193,196968.9949615111
188,555,122018.02714208848
189,899,46201.824434095324
190,2357,181480.8773488932
191,328,133153.9962226248
192,1356,117008.61162882375
193,1154,93525.82879997214
194,1730,181852.22875405452
195,2249,170245.32802981656
196,1119,277229.8726914121
197,2856,148170.12939246133
198,1394,130989.72923949223
199,2587,113907.05113326025
200,61,325550.5254351017
201,2661,180347.738900666
202,2711,128440.97513241507
203,1147,172999.26513262023
204,757,112351.73840547874
205,2623,116418.56548020965
206,2378,142437.3614604512
207,1413,132208.1742126785
208,1722,203755.918194413
209,1112,226375.78723069196
210,1623,200142.56763926477
211,1201,207689.63038868696
212,1513,113410.5928151936
213,957,375768.6223258725
214,1171,249963.7761212543
215,1145,189046.82922204718
216,2726,226065.74715762885
217,703,142501.42560916598
218,760,89544.33140061879
219,1964,153176.7926999505
220,2512,159600.9100299322
221,159,129507.38549270728
222,1281,165806.74853278833
223,468,187825.4017667993
224,290,125016.14361448656
225,665,100422.85494198439
226,1463,231393.11828928068
227,1792,216701.10606811772
228,923,174185.22442178478
229,500,288697.73719529953
230,1408,202477.10756570607
231,331,88009.01502925006
232,170,129387.15949235091
233,2192,95684.39618387057
234,2571,305934.1986270841
235,2314,169688.93901832582
236,2647,78782.08949029127
237,422,438669.3237231948
238,2457,365637.0274478379
239,1838,192641.94944719085
240,2805,266850.2014339317
241,1645,146260.95115203687
242,1711,300199.4838872731
243,2825,261265.40322214615
244,322,340458.88285971805
245,2103,249051.38004833012
246,342,116142.07312782899
247,600,129192.87440967807
248,488,177657.6215477886
249,1725,315855.0503654301
250,2246,284302.3105748273
251,2847,152683.43010465027
252,806,224871.45621461162
253,530,232200.42727712743
254,963,182699.25679471303
255,2678,97695.29705664807
256,171,77920.97335012432
257,2401,445760.2183404572
258,805,216248.34168586784
259,2259,252682.98948515742
260,1748,183887.53237780381
261,1361,136765.82068438694
262,1677,110660.0213342266
263,1406,157864.5165675188
264,2322,267544.39919912035
265,688,151520.72330983912
266,143,144811.98947902967
267,804,192818.22814614177
268,1214,189474.94553401766
269,2828,144316.90862605837
270,1999,180035.5022584938
271,2467,206626.3594319744
272,2665,154610.16643385447
273,1538,326673.3021671437
274,398,122242.79380368344
275,2822,143347.77648466872
276,2157,135398.45615004716
277,1856,188213.7990582624
278,1269,102524.85323389548
279,2570,110083.87689757704
280,2320,235170.10415247903
281,1517,145464.01146526544
282,2304,126708.49511214101
283,1312,90253.71416950785
284,2012,130511.00292116369
285,506,253095.19940421107
286,2865,217157.68421175808
287,2367,92104.18332756727
288,554,84283.54770007078
289,238,137044.72153390487
290,1954,100195.64127332477
291,2488,119501.29023802109
292,2291,65273.21963812837
293,1969,119764.9144512722
294,2725,181227.32128978768
295,1482,137309.83305375543
296,2763,201928.28655419152
297,503,269521.9357372476
298,1584,248709.43619627552
299,1531,144966.24008723834
300,2210,188696.99022615812
301,459,336186.95937253
302,556,129617.4205352038
303,1347,130363.41286013085
304,1290,72139.82591665769
305,1388,104598.06914223952
306,1571,304958.7881907645
307,2754,201223.63464217357
308,765,125168.25402012066
309,2494,134100.8429611359
310,2870,243789.718646269
311,7,225162.53324125463
312,1114,248456.02422066033
313,2418,263966.07107233617
314,291,130605.29191621012
315,18,379457.61610843486
316,39,397517.8357066378
317,1001,270722.25407556933
318,2442,226630.2944379805
319,616,99101.16802094197
320,2680,77034.1415954779
321,1414,131846.26084854675
322,289,155438.54788582432
323,40,254036.92275741603
324,860,137892.75853169712
325,409,128210.37645118331
326,673,156597.06008370014
327,2427,179940.12846244694
328,2036,219587.94728435978
329,2564,137675.9220436907
330,642,155547.22544470645
331,1008,161907.91164710262
332,1908,132482.56282714868
333,2519,215108.53907741926
334,1369,110260.09612081971
335,2855,177315.04688897604
336,712,100419.34993361885
337,1943,126698.09076685074
338,1958,109500.07508668408
339,107,172101.92693111824
340,2295,191961.43461846723
341,704,113114.18419563625
342,676,127903.5430720674
343,259,181177.9120613745
344,93,281510.5273819697
345,106,236726.5796115812
346,2315,179602.04765156854
347,1050,91714.72582956069
348,1095,204968.75909283813
349,2709,154198.8862680089
350,758,142651.68760448426
351,1496,154656.8579460312
352,2370,120680.85071582271
353,2458,271621.36129511474
354,2733,143071.42072329074
355,161,258592.9215634594
356,726,149086.70753603795
357,845,208968.64189237411
358,947,236657.73002184503
359,2232,117153.95592121728
360,2563,133075.29793758102
361,2299,149871.69666298374
362,211,60052.61996176548
363,605,150480.64628806885
364,1478,201094.56854721587
365,2247,271011.035400097
366,2274,232925.87756629148
367,2869,217116.4677264305
368,967,205348.03780231017
369,2656,124765.96569086192
370,667,195657.3580207928
371,1042,113891.37356957851
372,2023,148836.06740296324
373,2447,395899.555128173
374,2055,134889.52579233734
375,2275,296003.7322002901
376,2204,169310.6208206802
377,1563,276147.883370779
378,483,220585.04756458115
379,796,108340.32099826362
380,1526,156864.43810026644
381,2042,123582.33402766103
382,442,360730.7565507733
383,1693,332996.29702726484
384,1468,212664.51490701735
385,1430,209155.64809928945
386,2605,129213.16087239438
387,1529,189192.80792724676
388,335,149234.04978875458
389,1287,119154.63384134471
390,31,96922.39254018026
391,1785,351623.274803385
392,82,163061.4706619578
393,2620,112573.52481604413
394,252,175199.37514219782
395,721,59204.53204714446
396,2165,187614.99382671743
397,2316,208548.6052894945
398,775,139437.0067835968
399,1558,131104.09136184832
400,17,215315.31456076907
401,1022,204824.54064988572
402,925,134265.99576379423
403,438,281959.27615777974
404,1270,129191.85272162044
405,1272,133004.77462881798
406,215,117492.15382984208
407,266,227371.90048826404
408,2402,294441.844628048
409,1250,124097.26665769034
410,1984,124676.78851352348
411,1279,151914.8972552038
412,377,231611.81168882686
413,1252,140558.80337923643
414,2156,252628.97894081476
415,499,327954.4650677273
416,1374,125178.82197217358
417,2898,242650.87073502556
418,401,113886.24287603739
419,2721,135213.17224658877
420,2078,233650.58644719946
421,2589,135633.3095317024
422,1946,230373.15679388877
423,1334,118585.31496510675
424,2781,215072.30170840712
425,431,400423.5881199441
426,576,205251.39746060703
427,1474,207021.325556259
428,2254,161533.35822338113
429,2155,265757.3241042233
430,885,109193.96205307814
431,643,142413.25661264994
432,1944,122840.88756709493
433,480,189419.05982264705
434,2845,91253.42153384435
435,2387,319103.5834022664
436,2407,201486.96986502284
437,2527,171831.156517913
438,2514,141283.91400995626
439,629,146213.0710748093
440,80,199019.5500473351
441,1876,140873.81197489434
442,1546,129133.52281452858
443,2518,168993.4462759192
444,2347,135084.1068401217
445,783,231562.94549286462
446,1322,38264.42728431246
447,194,81796.82750789696
448,1770,309549.2017510795
449,2143,188287.07961265775
450,1229,229963.9450381987
451,511,271101.3322582079
452,46,219412.78789801852
453,1348,150234.46906557182
454,2465,205224.87324516082
455,387,225992.1706713522
456,873,223357.6355091163
457,1918,115864.46966607138
458,2764,222492.17844854522
459,2184,135374.37148335768
460,934,122773.04476205789
461,1920,132426.3651984834
462,2631,152832.2783298993
463,1768,570236.269897493
464,2040,131737.13825568478
465,1749,212084.29707362648
466,834,248535.1720274979
467,1457,221933.60496493801
468,79,93078.18270793643
469,2302,126180.51996816725
470,1817,134963.4195848437
471,2755,236298.2078885158
472,359,174888.57506607985
473,2059,98852.56811138972
474,2092,224151.26989518345
475,2516,214355.62266802587
476,150,116027.24566446558
477,1656,94758.31893361112
478,83,104188.43686934224
479,2411,187771.00285141007
480,795,79943.22485326695
481,2312,212964.84009768986
482,2917,110210.24407666519
483,1624,171578.84912613028
484,2215,294999.0972300304
485,1211,145738.50489350053
486,1485,161998.22102094424
487,1024,170351.54291679076
488,570,191114.83102755784
489,2874,146674.27363963402
490,700,124413.76029829195
491,2756,206678.30337359672
492,2022,178619.1269070548
493,583,217861.70036670036
494,2392,386173.2089518527
495,2424,166963.53563724516
496,212,132445.05720778563
497,736,124694.28814005136
498,1610,174161.37764372543
499,890,110145.03387102159
500,467,182488.34911695984
501,578,195864.94788643054
502,1747,196177.90314208518
503,1149,138121.78795381592
504,2758,250341.50442571595
505,857,148119.0040400201
506,2219,236573.18696582003
507,733,105602.42673945158
508,2909,100480.88360138594
509,1798,251934.47567177654
510,235,135780.61390353227
511,2366,119806.8401623442
512,1027,131427.28280090337
513,1195,137364.21492423245
514,1303,43677.554410860845
515,148,195468.23894169
516,608,164890.91397390421
517,2515,191925.77168088531
518,821,284195.57843312406
519,2500,263692.8125782155
520,745,112384.19470389337
521,741,132227.03571329656
522,1611,111986.34607747855
523,2532,133644.68749635282
524,1081,229155.62588566047
525,1692,436298.34657170833
526,2520,192941.1451389431
527,276,107764.81615640978
528,1992,121391.84065422133
529,663,51841.484811700866
530,418,117453.88518369701
531,1733,198402.77464486423
532,2359,147843.42743813884
533,253,181222.26730235238
534,1518,143308.72129906586
535,2035,133038.1955638937
536,2919,74888.84406276615
537,1540,245811.16023121672
538,2120,158478.17973170837
539,1674,158638.62797547888
540,256,148239.58145845303
541,2361,111716.28253788395
542,978,63055.81488501928
543,2280,146432.81087135145
544,2095,221535.26811920074
545,1709,333704.3924756951
546,2801,244053.22450967322
547,1246,110052.96312543699
548,2373,92800.84700016421
549,1055,305108.378906508
550,2017,126183.0627703152
551,1099,295480.5040720409
552,1344,76922.19299610541
553,835,214359.6639728739
554,1117,234270.41169737204
555,2043,82376.77012366953
556,2085,125428.79793555796
557,410,148299.0708397527
558,2650,120301.2075866079
559,2867,176731.95722093817
560,1668,108818.3743616761
561,1161,155016.78519833187
562,2122,173911.7829444837
563,2539,154117.36141076492
564,1047,136792.41226986502
565,1445,139250.60162321373
566,541,128336.1400662404
567,569,213846.21324319512
568,1276,110198.2347938602
569,918,146066.60809993505
570,326,174451.84796068876
571,1936,127296.81023737107
572,895,97506.03181903288
573,257,168559.0896305079
574,1241,179957.2580216197
575,1545,133393.73555989313
576,1189,167809.43240483705
577,270,131370.8560720166
578,2066,189546.31880810487
579,693,110248.08917895179
580,1259,149218.74885829698
581,2916,158543.16651477743
582,2321,300699.0371335469
583,1977,79465.70863684805
584,1895,139544.66266852594
585,1240,176216.40704610615
586,85,151066.59050502445
587,1823,134850.569007014
588,825,286526.844181046
589,110,229612.28333578573
590,697,120009.88924768538
591,2297,119123.4453911494
592,1231,141963.82973774953
593,1355,131379.31581466913
594,968,355280.51820936607
595,584,220369.1702612366
596,1315,142312.07934183875
597,1606,153740.14053638617
598,206,110588.98179593463
599,1685,389689.6856309437
600,2016,134674.1711489207
601,869,194980.4492873948
602,2135,122673.99829095522
603,2346,179416.32229064382
604,2430,223522.34049484448
605,2198,74486.23101455692
606,2652,119290.66394283538
607,27,111412.35396785694
608,241,157771.14298161917
609,906,125729.9886863132
610,1506,131013.46434331751
611,2098,353874.0997296355
612,1435,223232.55583402188
613,2213,165228.5966822914
614,1274,125253.04544922331
615,743,24841.86791924879
616,1737,202469.4817851344
617,2797,266827.89382340305
618,2185,47994.251666823955
619,58,173555.92377944148
620,830,202667.27578339912
621,808,110117.41445435524
622,680,142317.8338363787
623,1153,83709.75204681618
624,1291,134852.06605015974
625,1818,157702.6695175032
626,2161,186051.84752276354
627,1883,110990.47081067783
628,350,351938.48180399183
629,2473,148500.7322222922
630,295,191583.59652898044
631,293,190270.06455950858
632,859,134037.75223495805
633,288,57203.91258764763
634,1578,152197.55834154753
635,102,198771.02383619203
636,2831,114489.11114098805
637,1030,152485.88130903288
638,2551,143924.6427817199
639,1286,176144.1920504444
640,958,330642.44878005655
641,776,127018.40709072445
642,72,258708.37555966218
643,2263,254487.37047305968
644,1866,150801.43189324788
645,2876,77179.88281223076
646,2146,229506.14432116767
647,103,167998.70832621236
648,1500,127357.5905708159
649,492,191486.44444435518
650,167,159747.03494101617
651,2597,117871.52346139256
652,2685,104073.62921196554
653,1035,157482.83578072564
654,1220,60124.7553033304
655,2602,158828.0142406068
656,2159,203282.81997367405
657,695,134565.34893940727
658,1109,276246.3536595121
659,640,180351.05119115044
660,1652,147150.2763035079
661,2090,170368.6901382773
662,1188,188380.9659841881
663,2345,231694.08500788297
664,1059,396213.1181151724
665,2751,231293.0793175037
666,128,215203.52478878363
667,1523,196255.74882959115
668,2925,195954.9013957629
669,2145,284461.6429724265
670,1121,221524.24027561254
671,566,236133.64254071406
672,565,254013.19793555676
673,1331,135718.8960258961
674,2928,131459.5365272528
675,156,140275.1867655759
676,797,142519.32487193885
677,327,79178.8244797044
678,2859,139636.6707050377
679,1453,122060.85632944471
680,1762,341467.1410697809
681,1868,198894.16364245446
682,1760,181308.2829485558
683,1113,222643.95403606846
684,1812,188333.60939947708
685,117,156855.13071277642
686,1142,208610.88006505196
687,2342,436211.98710316955
688,927,153839.03353825858
689,2478,185802.13207242737
690,655,79777.61376756147
691,2064,116813.1678678635
692,369,294585.5764025216
693,2239,123413.97725510877
694,2732,214310.14266633487
695,1653,155055.73398391024
696,959,229201.56965994736
697,2395,356111.95309075416
698,1412,112653.58813841065
699,271,251024.5627820923
700,1484,138532.7152331744
701,1497,161976.99538534431
702,552,155929.65077612037
703,2,130445.61748660129
704,1855,314537.8677013817
705,4,273250.54462303827
706,2292,145612.45732095622
707,134,142097.75180338416
708,646,103785.97465933485
709,42,318278.87260398216
710,532,225759.92725146495
711,713,82911.56280834874
712,2561,136445.54031410674
713,2360,130289.47410816865
714,1333,109726.13078458143
715,1407,236717.6108791156
716,2892,287932.2053983628
717,574,208161.15617671466
718,1227,184613.90157683476
719,2591,256466.0772995095
720,1476,211427.020265634
721,1125,270076.58080505073
722,1446,145947.30681017422
723,408,124964.46322924565
724,1101,297414.42233005224
725,2251,199890.48514532868
726,373,177011.29792453596
727,2554,133402.0916359779
728,2382,260717.58401593554
729,1985,102831.88496394372
730,519,237687.0295272422
731,1093,198956.61312671757
732,864,234849.51138483066
733,2889,142281.83357649957
734,2308,207067.87476650416
735,986,170853.92790604717
736,1302,142352.6639031822
737,585,156950.4665140818
738,2708,148070.09982039675
739,147,135979.95196416538
740,1441,215950.19189857563
741,383,190588.17320435308
742,285,151366.12431667058
743,181,100750.44679326042
744,358,211828.52706076705
745,780,171028.09959694673
746,258,188675.40742112437
747,1865,236091.9731224996
748,692,107035.8112106778
749,2902,323955.22181603045
750,508,244071.69975760937
751,2638,155278.48301888976
752,36,145507.1961314099
753,611,175324.81772864924
754,2281,165252.44980721865
755,1678,124639.04228484473
756,1696,465397.34012697253
757,1557,42705.67395260779
758,2180,167571.102796311
759,1726,211740.8183120022
760,951,141838.83242488603
761,267,217785.03924105948
762,2706,143722.56556975085
763,2221,257625.65331939812
764,1357,183588.91578143433
765,2901,310939.1448566221
766,347,172589.9298308954
767,2164,194785.66647659894
768,1586,296253.40770332934
769,360,144069.5519792255
770,1769,273778.6916727243
771,2617,156514.0781072628
772,1879,128694.40863770389
773,991,234106.54927358878
774,1535,132707.82939734627
775,1191,146950.40890893657
776,1579,221114.91962734092
777,1882,120362.52926024568
778,1510,143051.54532504786
779,2196,163479.60486935536
780,1845,180961.49064448252
781,2336,404007.39804986125
782,942,79782.62382558803
783,861,131279.27973521285
784,2555,120991.36168005098
785,1392,162581.8027131877
786,2099,252752.04197253057
787,1543,115036.38940307658
788,948,293408.84720097645
789,1239,182037.34529822724
790,22,172959.28094955283
791,2796,238381.5679148427
792,2747,185105.50879923924
793,92,299304.78907686274
794,210,165617.6365080803
795,1858,202653.57952117815
796,2228,145189.38746167236
797,447,236492.58517536975
798,827,241018.4587471041
799,1649,266090.6963358316
800,682,133402.86462283973
801,2698,108475.58160532008
802,494,170328.79995959898
803,214,89281.85596550102
804,2441,222526.92571407414
805,2679,118341.50594860647
806,1336,123406.14046447299
807,465,175593.8206332735
808,1524,150127.26259449858
809,2543,111369.19267849048
810,631,142486.52782256418
811,2452,321075.19141365984
812,228,155207.44224146538
813,126,177227.78926853975
814,1092,229294.29666571523
815,1122,226843.84863371006
816,932,240597.99415275597
817,1980,48623.466902922315
818,2171,113333.31548309542
819,551,165174.1592601611
820,2768,161736.37418194208
821,2056,112155.70684287755
822,1159,352876.07758579706
823,2645,122572.31482293594
824,1174,167612.99251813872
825,2266,202599.06492628928
826,2462,377226.16359315417
827,1219,139953.2996554961
828,2922,178145.5753492744
829,118,148967.3759663333
830,474,154901.00540309376
831,2576,150270.43731994132
832,872,278011.167285616
833,1077,198576.16788310022
834,1536,149095.88954262057
835,1150,111650.27796250585
836,2341,339434.6851806763
837,1931,166751.55449313924
838,2785,136927.33791913686
839,2538,122540.27467309141
840,597,202942.70294769912
841,464,186588.68886642437
842,233,270034.3198972202
843,2169,137229.35230269894
844,2123,172234.20881955887
845,1867,177993.8224083428
846,137,257676.06181601388
847,515,243606.81266771862
848,933,99849.52108183755
849,2784,174879.3694673562
850,972,170727.37669257063
851,599,178854.0727355531
852,2614,122094.06932335749
853,2582,148066.39981080743
854,1409,170462.73522729578
855,175,106024.70411226664
856,352,243046.64733292535
857,976,82480.7037783657
858,2134,188256.8238659396
859,984,114329.671821107
860,2396,367170.2689373195
861,1673,132512.13449698116
862,404,121447.24650133157
863,607,170168.68674792405
864,814,147914.27789165016
865,868,186694.23772175246
866,2271,207170.3915119405
867,1633,235536.08414025346
868,337,173911.95150041988
869,2765,189046.83066428595
870,1746,247265.7596506825
871,368,341020.4334236487
872,2806,205040.38331194955
873,1662,188061.5047366709
874,1234,216757.42201370015
875,1373,118106.66957392036
876,1672,110955.50044551013
877,1939,120785.42050067577
